v3.0 hex words addressed
00000000: 50 6c 65 61

00000004: 73 65 20 74

00000008: 79 70 65 20

0000000C: 61 20 6e 75

00000010: 6d 62 65 72

00000014: 3a 20 00 50

00000018: 6c 65 61 73

0000001C: 65 20 74 79

00000020: 70 65 20 61

00000024: 20 73 65 63

00000028: 72 65 74 20

0000002C: 73 65 6e 74

00000030: 65 6e 63 65

00000034: 3a 20 00 0a

00000038: 45 6e 63 6f

0000003C: 64 65 64 20

00000040: 6d 65 73 73

00000044: 61 67 65 20

00000048: 69 73 3a 20

0000004C: 00 00 00 00

00000050: 00 00 00 00

00000054: 00 00 00 00

00000058: 00 00 00 00

0000005C: 00 00 00 00

00000060: 00 00 00 00

00000064: 00 00 00 00

00000068: 00 00 00 00

0000006C: 00 00 00 00

00000070: 00 00 00 00

00000074: 00 00 00 00

00000078: 00 00 00 00

0000007C: 00 00 00 00

00000080: 00 00 00 00

00000084: 00 00 00 00

00000088: 00 00 00 00

0000008C: 00 00 00 00

00000090: 00 00 00 00

00000094: 00 00 00 00

00000098: 00 00 00 00

0000009C: 00 00 00 00

000000A0: 00 00 00 00

000000A4: 00 00 00 00

000000A8: 00 00 00 00

000000AC: 00 00 00 00

000000B0: 00 00 00 00

000000B4: 00 00 00 00

000000B8: 00 00 00 00

000000BC: 00 00 00 00

000000C0: 00 00 00 00

000000C4: 00 00 00 00

000000C8: 00 00 00 00

000000CC: 00 00 00 00

000000D0: 00 00 00 00

000000D4: 00 00 00 00

000000D8: 00 00 00 00

000000DC: 00 00 00 00

000000E0: 00 00 00 00

000000E4: 00 00 00 00

000000E8: 00 00 00 00

000000EC: 00 00 00 00

000000F0: 00 00 00 00

000000F4: 00 00 00 00

000000F8: 00 00 00 00

000000FC: 00 00 00 00

00000100: 00 00 00 00

00000104: 00 00 00 00

00000108: 00 00 00 00

0000010C: 00 00 00 00

00000110: 00 00 00 00

00000114: 00 00 00 00

00000118: 00 00 00 00

0000011C: 00 00 00 00

00000120: 00 00 00 00

00000124: 00 00 00 00

00000128: 00 00 00 00

0000012C: 00 00 00 00

00000130: 00 00 00 00

00000134: 00 00 00 00

00000138: 00 00 00 00

0000013C: 00 00 00 00

00000140: 00 00 00 00

00000144: 00 00 00 00

00000148: 00 00 00 00

0000014C: 00 00 00 00

00000150: 00 00 00 00

00000154: 00 00 00 00

00000158: 00 00 00 00

0000015C: 00 00 00 00

00000160: 00 00 00 00

00000164: 00 00 00 00

00000168: 00 00 00 00

0000016C: 00 00 00 00

00000170: 00 00 00 00

00000174: 00 00 00 00

00000178: 00 00 00 00

0000017C: 00 00 00 00

00000180: 00 00 00 00

00000184: 00 00 00 00

00000188: 00 00 00 00

0000018C: 00 00 00 00

00000190: 00 00 00 00

00000194: 00 00 00 00

00000198: 00 00 00 00

0000019C: 00 00 00 00

000001A0: 00 00 00 00

000001A4: 00 00 00 00

000001A8: 00 00 00 00

000001AC: 00 00 00 00

000001B0: 00 00 00 00

000001B4: 00 00 00 00

000001B8: 00 00 00 00

000001BC: 00 00 00 00

000001C0: 00 00 00 00

000001C4: 00 00 00 00

000001C8: 00 00 00 00

000001CC: 00 00 00 00

000001D0: 00 00 00 00

000001D4: 00 00 00 00

000001D8: 00 00 00 00

000001DC: 00 00 00 00

000001E0: 00 00 00 00

000001E4: 00 00 00 00

000001E8: 00 00 00 00

000001EC: 00 00 00 00

000001F0: 00 00 00 00

000001F4: 00 00 00 00

000001F8: 00 00 00 00

000001FC: 00 00 00 00

00000200: 00 00 00 00

00000204: 00 00 00 00

00000208: 00 00 00 00

0000020C: 00 00 00 00

00000210: 00 00 00 00

00000214: 00 00 00 00

00000218: 00 00 00 00

0000021C: 00 00 00 00

00000220: 00 00 00 00

00000224: 00 00 00 00

00000228: 00 00 00 00

0000022C: 00 00 00 00

00000230: 00 00 00 00

00000234: 00 00 00 00

00000238: 00 00 00 00

0000023C: 00 00 00 00

00000240: 00 00 00 00

00000244: 00 00 00 00

00000248: 00 00 00 00

0000024C: 00 00 00 00

00000250: 00 00 00 00

00000254: 00 00 00 00

00000258: 00 00 00 00

0000025C: 00 00 00 00

00000260: 00 00 00 00

00000264: 00 00 00 00

00000268: 00 00 00 00

0000026C: 00 00 00 00

00000270: 00 00 00 00

00000274: 00 00 00 00

00000278: 00 00 00 00

0000027C: 00 00 00 00

00000280: 00 00 00 00

00000284: 00 00 00 00

00000288: 00 00 00 00

0000028C: 00 00 00 00

00000290: 00 00 00 00

00000294: 00 00 00 00

00000298: 00 00 00 00

0000029C: 00 00 00 00

000002A0: 00 00 00 00

000002A4: 00 00 00 00

000002A8: 00 00 00 00

000002AC: 00 00 00 00

000002B0: 00 00 00 00

000002B4: 00 00 00 00

000002B8: 00 00 00 00

000002BC: 00 00 00 00

000002C0: 00 00 00 00

000002C4: 00 00 00 00

000002C8: 00 00 00 00

000002CC: 00 00 00 00

000002D0: 00 00 00 00

000002D4: 00 00 00 00

000002D8: 00 00 00 00

000002DC: 00 00 00 00

000002E0: 00 00 00 00

000002E4: 00 00 00 00

000002E8: 00 00 00 00

000002EC: 00 00 00 00

000002F0: 00 00 00 00

000002F4: 00 00 00 00

000002F8: 00 00 00 00

000002FC: 00 00 00 00

00000300: 00 00 00 00

00000304: 00 00 00 00

00000308: 00 00 00 00

0000030C: 00 00 00 00

00000310: 00 00 00 00

00000314: 00 00 00 00

00000318: 00 00 00 00

0000031C: 00 00 00 00

00000320: 00 00 00 00

00000324: 00 00 00 00

00000328: 00 00 00 00

0000032C: 00 00 00 00

00000330: 00 00 00 00

00000334: 00 00 00 00

00000338: 00 00 00 00

0000033C: 00 00 00 00

00000340: 00 00 00 00

00000344: 00 00 00 00

00000348: 00 00 00 00

0000034C: 00 00 00 00

00000350: 00 00 00 00

00000354: 00 00 00 00

00000358: 00 00 00 00

0000035C: 00 00 00 00

00000360: 00 00 00 00

00000364: 00 00 00 00

00000368: 00 00 00 00

0000036C: 00 00 00 00

00000370: 00 00 00 00

00000374: 00 00 00 00

00000378: 00 00 00 00

0000037C: 00 00 00 00

00000380: 00 00 00 00

00000384: 00 00 00 00

00000388: 00 00 00 00

0000038C: 00 00 00 00

00000390: 00 00 00 00

00000394: 00 00 00 00

00000398: 00 00 00 00

0000039C: 00 00 00 00

000003A0: 00 00 00 00

000003A4: 00 00 00 00

000003A8: 00 00 00 00

000003AC: 00 00 00 00

000003B0: 00 00 00 00

000003B4: 00 00 00 00

000003B8: 00 00 00 00

000003BC: 00 00 00 00

000003C0: 00 00 00 00

000003C4: 00 00 00 00

000003C8: 00 00 00 00

000003CC: 00 00 00 00

000003D0: 00 00 00 00

000003D4: 00 00 00 00

000003D8: 00 00 00 00

000003DC: 00 00 00 00

000003E0: 00 00 00 00

000003E4: 00 00 00 00

000003E8: 00 00 00 00

000003EC: 00 00 00 00

000003F0: 00 00 00 00

000003F4: 00 00 00 00

000003F8: 00 00 00 00

000003FC: 00 00 00 00

00000400: 00 00 00 00

00000404: 00 00 00 00

00000408: 00 00 00 00

0000040C: 00 00 00 00

00000410: 00 00 00 00

00000414: 00 00 00 00

00000418: 00 00 00 00

0000041C: 00 00 00 00

00000420: 00 00 00 00

00000424: 00 00 00 00

00000428: 00 00 00 00

0000042C: 00 00 00 00

00000430: 00 00 00 00

00000434: 00 00 00 00

00000438: 00 00 00 00

0000043C: 00 00 00 00

00000440: 00 00 00 00

00000444: 00 00 00 00

00000448: 00 00 00 00

0000044C: 00 00 00 00

00000450: 00 00 00 00

00000454: 00 00 00 00

00000458: 00 00 00 00

0000045C: 00 00 00 00

00000460: 00 00 00 00

00000464: 00 00 00 00

00000468: 00 00 00 00

0000046C: 00 00 00 00

00000470: 00 00 00 00

00000474: 00 00 00 00

00000478: 00 00 00 00

0000047C: 00 00 00 00

00000480: 00 00 00 00

00000484: 00 00 00 00

00000488: 00 00 00 00

0000048C: 00 00 00 00

00000490: 00 00 00 00

00000494: 00 00 00 00

00000498: 00 00 00 00

0000049C: 00 00 00 00

000004A0: 00 00 00 00

000004A4: 00 00 00 00

000004A8: 00 00 00 00

000004AC: 00 00 00 00

000004B0: 00 00 00 00

000004B4: 00 00 00 00

000004B8: 00 00 00 00

000004BC: 00 00 00 00

000004C0: 00 00 00 00

000004C4: 00 00 00 00

000004C8: 00 00 00 00

000004CC: 00 00 00 00

000004D0: 00 00 00 00

000004D4: 00 00 00 00

000004D8: 00 00 00 00

000004DC: 00 00 00 00

000004E0: 00 00 00 00

000004E4: 00 00 00 00

000004E8: 00 00 00 00

000004EC: 00 00 00 00

000004F0: 00 00 00 00

000004F4: 00 00 00 00

000004F8: 00 00 00 00

000004FC: 00 00 00 00

00000500: 00 00 00 00

00000504: 00 00 00 00

00000508: 00 00 00 00

0000050C: 00 00 00 00

00000510: 00 00 00 00

00000514: 00 00 00 00

00000518: 00 00 00 00

0000051C: 00 00 00 00

00000520: 00 00 00 00

00000524: 00 00 00 00

00000528: 00 00 00 00

0000052C: 00 00 00 00

00000530: 00 00 00 00

00000534: 00 00 00 00

00000538: 00 00 00 00

0000053C: 00 00 00 00

00000540: 00 00 00 00

00000544: 00 00 00 00

00000548: 00 00 00 00

0000054C: 00 00 00 00

00000550: 00 00 00 00

00000554: 00 00 00 00

00000558: 00 00 00 00

0000055C: 00 00 00 00

00000560: 00 00 00 00

00000564: 00 00 00 00

00000568: 00 00 00 00

0000056C: 00 00 00 00

00000570: 00 00 00 00

00000574: 00 00 00 00

00000578: 00 00 00 00

0000057C: 00 00 00 00

00000580: 00 00 00 00

00000584: 00 00 00 00

00000588: 00 00 00 00

0000058C: 00 00 00 00

00000590: 00 00 00 00

00000594: 00 00 00 00

00000598: 00 00 00 00

0000059C: 00 00 00 00

000005A0: 00 00 00 00

000005A4: 00 00 00 00

000005A8: 00 00 00 00

000005AC: 00 00 00 00

000005B0: 00 00 00 00

000005B4: 00 00 00 00

000005B8: 00 00 00 00

000005BC: 00 00 00 00

000005C0: 00 00 00 00

000005C4: 00 00 00 00

000005C8: 00 00 00 00

000005CC: 00 00 00 00

000005D0: 00 00 00 00

000005D4: 00 00 00 00

000005D8: 00 00 00 00

000005DC: 00 00 00 00

000005E0: 00 00 00 00

000005E4: 00 00 00 00

000005E8: 00 00 00 00

000005EC: 00 00 00 00

000005F0: 00 00 00 00

000005F4: 00 00 00 00

000005F8: 00 00 00 00

000005FC: 00 00 00 00

00000600: 00 00 00 00

00000604: 00 00 00 00

00000608: 00 00 00 00

0000060C: 00 00 00 00

00000610: 00 00 00 00

00000614: 00 00 00 00

00000618: 00 00 00 00

0000061C: 00 00 00 00

00000620: 00 00 00 00

00000624: 00 00 00 00

00000628: 00 00 00 00

0000062C: 00 00 00 00

00000630: 00 00 00 00

00000634: 00 00 00 00

00000638: 00 00 00 00

0000063C: 00 00 00 00

00000640: 00 00 00 00

00000644: 00 00 00 00

00000648: 00 00 00 00

0000064C: 00 00 00 00

00000650: 00 00 00 00

00000654: 00 00 00 00

00000658: 00 00 00 00

0000065C: 00 00 00 00

00000660: 00 00 00 00

00000664: 00 00 00 00

00000668: 00 00 00 00

0000066C: 00 00 00 00

00000670: 00 00 00 00

00000674: 00 00 00 00

00000678: 00 00 00 00

0000067C: 00 00 00 00

00000680: 00 00 00 00

00000684: 00 00 00 00

00000688: 00 00 00 00

0000068C: 00 00 00 00

00000690: 00 00 00 00

00000694: 00 00 00 00

00000698: 00 00 00 00

0000069C: 00 00 00 00

000006A0: 00 00 00 00

000006A4: 00 00 00 00

000006A8: 00 00 00 00

000006AC: 00 00 00 00

000006B0: 00 00 00 00

000006B4: 00 00 00 00

000006B8: 00 00 00 00

000006BC: 00 00 00 00

000006C0: 00 00 00 00

000006C4: 00 00 00 00

000006C8: 00 00 00 00

000006CC: 00 00 00 00

000006D0: 00 00 00 00

000006D4: 00 00 00 00

000006D8: 00 00 00 00

000006DC: 00 00 00 00

000006E0: 00 00 00 00

000006E4: 00 00 00 00

000006E8: 00 00 00 00

000006EC: 00 00 00 00

000006F0: 00 00 00 00

000006F4: 00 00 00 00

000006F8: 00 00 00 00

000006FC: 00 00 00 00

00000700: 00 00 00 00

00000704: 00 00 00 00

00000708: 00 00 00 00

0000070C: 00 00 00 00

00000710: 00 00 00 00

00000714: 00 00 00 00

00000718: 00 00 00 00

0000071C: 00 00 00 00

00000720: 00 00 00 00

00000724: 00 00 00 00

00000728: 00 00 00 00

0000072C: 00 00 00 00

00000730: 00 00 00 00

00000734: 00 00 00 00

00000738: 00 00 00 00

0000073C: 00 00 00 00

00000740: 00 00 00 00

00000744: 00 00 00 00

00000748: 00 00 00 00

0000074C: 00 00 00 00

00000750: 00 00 00 00

00000754: 00 00 00 00

00000758: 00 00 00 00

0000075C: 00 00 00 00

00000760: 00 00 00 00

00000764: 00 00 00 00

00000768: 00 00 00 00

0000076C: 00 00 00 00

00000770: 00 00 00 00

00000774: 00 00 00 00

00000778: 00 00 00 00

0000077C: 00 00 00 00

00000780: 00 00 00 00

00000784: 00 00 00 00

00000788: 00 00 00 00

0000078C: 00 00 00 00

00000790: 00 00 00 00

00000794: 00 00 00 00

00000798: 00 00 00 00

0000079C: 00 00 00 00

000007A0: 00 00 00 00

000007A4: 00 00 00 00

000007A8: 00 00 00 00

000007AC: 00 00 00 00

000007B0: 00 00 00 00

000007B4: 00 00 00 00

000007B8: 00 00 00 00

000007BC: 00 00 00 00

000007C0: 00 00 00 00

000007C4: 00 00 00 00

000007C8: 00 00 00 00

000007CC: 00 00 00 00

000007D0: 00 00 00 00

000007D4: 00 00 00 00

000007D8: 00 00 00 00

000007DC: 00 00 00 00

000007E0: 00 00 00 00

000007E4: 00 00 00 00

000007E8: 00 00 00 00

000007EC: 00 00 00 00

000007F0: 00 00 00 00

000007F4: 00 00 00 00

000007F8: 00 00 00 00

000007FC: 00 00 00 00

00000800: 00 00 00 00

00000804: 00 00 00 00

00000808: 00 00 00 00

0000080C: 00 00 00 00

00000810: 00 00 00 00

00000814: 00 00 00 00

00000818: 00 00 00 00

0000081C: 00 00 00 00

00000820: 00 00 00 00

00000824: 00 00 00 00

00000828: 00 00 00 00

0000082C: 00 00 00 00

00000830: 00 00 00 00

00000834: 00 00 00 00

00000838: 00 00 00 00

0000083C: 00 00 00 00

00000840: 00 00 00 00

00000844: 00 00 00 00

00000848: 00 00 00 00

0000084C: 00 00 00 00

00000850: 00 00 00 00

00000854: 00 00 00 00

00000858: 00 00 00 00

0000085C: 00 00 00 00

00000860: 00 00 00 00

00000864: 00 00 00 00

00000868: 00 00 00 00

0000086C: 00 00 00 00

00000870: 00 00 00 00

00000874: 00 00 00 00

00000878: 00 00 00 00

0000087C: 00 00 00 00

00000880: 00 00 00 00

00000884: 00 00 00 00

00000888: 00 00 00 00

0000088C: 00 00 00 00

00000890: 00 00 00 00

00000894: 00 00 00 00

00000898: 00 00 00 00

0000089C: 00 00 00 00

000008A0: 00 00 00 00

000008A4: 00 00 00 00

000008A8: 00 00 00 00

000008AC: 00 00 00 00

000008B0: 00 00 00 00

000008B4: 00 00 00 00

000008B8: 00 00 00 00

000008BC: 00 00 00 00

000008C0: 00 00 00 00

000008C4: 00 00 00 00

000008C8: 00 00 00 00

000008CC: 00 00 00 00

000008D0: 00 00 00 00

000008D4: 00 00 00 00

000008D8: 00 00 00 00

000008DC: 00 00 00 00

000008E0: 00 00 00 00

000008E4: 00 00 00 00

000008E8: 00 00 00 00

000008EC: 00 00 00 00

000008F0: 00 00 00 00

000008F4: 00 00 00 00

000008F8: 00 00 00 00

000008FC: 00 00 00 00

00000900: 00 00 00 00

00000904: 00 00 00 00

00000908: 00 00 00 00

0000090C: 00 00 00 00

00000910: 00 00 00 00

00000914: 00 00 00 00

00000918: 00 00 00 00

0000091C: 00 00 00 00

00000920: 00 00 00 00

00000924: 00 00 00 00

00000928: 00 00 00 00

0000092C: 00 00 00 00

00000930: 00 00 00 00

00000934: 00 00 00 00

00000938: 00 00 00 00

0000093C: 00 00 00 00

00000940: 00 00 00 00

00000944: 00 00 00 00

00000948: 00 00 00 00

0000094C: 00 00 00 00

00000950: 00 00 00 00

00000954: 00 00 00 00

00000958: 00 00 00 00

0000095C: 00 00 00 00

00000960: 00 00 00 00

00000964: 00 00 00 00

00000968: 00 00 00 00

0000096C: 00 00 00 00

00000970: 00 00 00 00

00000974: 00 00 00 00

00000978: 00 00 00 00

0000097C: 00 00 00 00

00000980: 00 00 00 00

00000984: 00 00 00 00

00000988: 00 00 00 00

0000098C: 00 00 00 00

00000990: 00 00 00 00

00000994: 00 00 00 00

00000998: 00 00 00 00

0000099C: 00 00 00 00

000009A0: 00 00 00 00

000009A4: 00 00 00 00

000009A8: 00 00 00 00

000009AC: 00 00 00 00

000009B0: 00 00 00 00

000009B4: 00 00 00 00

000009B8: 00 00 00 00

000009BC: 00 00 00 00

000009C0: 00 00 00 00

000009C4: 00 00 00 00

000009C8: 00 00 00 00

000009CC: 00 00 00 00

000009D0: 00 00 00 00

000009D4: 00 00 00 00

000009D8: 00 00 00 00

000009DC: 00 00 00 00

000009E0: 00 00 00 00

000009E4: 00 00 00 00

000009E8: 00 00 00 00

000009EC: 00 00 00 00

000009F0: 00 00 00 00

000009F4: 00 00 00 00

000009F8: 00 00 00 00

000009FC: 00 00 00 00

00000A00: 00 00 00 00

00000A04: 00 00 00 00

00000A08: 00 00 00 00

00000A0C: 00 00 00 00

00000A10: 00 00 00 00

00000A14: 00 00 00 00

00000A18: 00 00 00 00

00000A1C: 00 00 00 00

00000A20: 00 00 00 00

00000A24: 00 00 00 00

00000A28: 00 00 00 00

00000A2C: 00 00 00 00

00000A30: 00 00 00 00

00000A34: 00 00 00 00

00000A38: 00 00 00 00

00000A3C: 00 00 00 00

00000A40: 00 00 00 00

00000A44: 00 00 00 00

00000A48: 00 00 00 00

00000A4C: 00 00 00 00

00000A50: 00 00 00 00

00000A54: 00 00 00 00

00000A58: 00 00 00 00

00000A5C: 00 00 00 00

00000A60: 00 00 00 00

00000A64: 00 00 00 00

00000A68: 00 00 00 00

00000A6C: 00 00 00 00

00000A70: 00 00 00 00

00000A74: 00 00 00 00

00000A78: 00 00 00 00

00000A7C: 00 00 00 00

00000A80: 00 00 00 00

00000A84: 00 00 00 00

00000A88: 00 00 00 00

00000A8C: 00 00 00 00

00000A90: 00 00 00 00

00000A94: 00 00 00 00

00000A98: 00 00 00 00

00000A9C: 00 00 00 00

00000AA0: 00 00 00 00

00000AA4: 00 00 00 00

00000AA8: 00 00 00 00

00000AAC: 00 00 00 00

00000AB0: 00 00 00 00

00000AB4: 00 00 00 00

00000AB8: 00 00 00 00

00000ABC: 00 00 00 00

00000AC0: 00 00 00 00

00000AC4: 00 00 00 00

00000AC8: 00 00 00 00

00000ACC: 00 00 00 00

00000AD0: 00 00 00 00

00000AD4: 00 00 00 00

00000AD8: 00 00 00 00

00000ADC: 00 00 00 00

00000AE0: 00 00 00 00

00000AE4: 00 00 00 00

00000AE8: 00 00 00 00

00000AEC: 00 00 00 00

00000AF0: 00 00 00 00

00000AF4: 00 00 00 00

00000AF8: 00 00 00 00

00000AFC: 00 00 00 00

00000B00: 00 00 00 00

00000B04: 00 00 00 00

00000B08: 00 00 00 00

00000B0C: 00 00 00 00

00000B10: 00 00 00 00

00000B14: 00 00 00 00

00000B18: 00 00 00 00

00000B1C: 00 00 00 00

00000B20: 00 00 00 00

00000B24: 00 00 00 00

00000B28: 00 00 00 00

00000B2C: 00 00 00 00

00000B30: 00 00 00 00

00000B34: 00 00 00 00

00000B38: 00 00 00 00

00000B3C: 00 00 00 00

00000B40: 00 00 00 00

00000B44: 00 00 00 00

00000B48: 00 00 00 00

00000B4C: 00 00 00 00

00000B50: 00 00 00 00

00000B54: 00 00 00 00

00000B58: 00 00 00 00

00000B5C: 00 00 00 00

00000B60: 00 00 00 00

00000B64: 00 00 00 00

00000B68: 00 00 00 00

00000B6C: 00 00 00 00

00000B70: 00 00 00 00

00000B74: 00 00 00 00

00000B78: 00 00 00 00

00000B7C: 00 00 00 00

00000B80: 00 00 00 00

00000B84: 00 00 00 00

00000B88: 00 00 00 00

00000B8C: 00 00 00 00

00000B90: 00 00 00 00

00000B94: 00 00 00 00

00000B98: 00 00 00 00

00000B9C: 00 00 00 00

00000BA0: 00 00 00 00

00000BA4: 00 00 00 00

00000BA8: 00 00 00 00

00000BAC: 00 00 00 00

00000BB0: 00 00 00 00

00000BB4: 00 00 00 00

00000BB8: 00 00 00 00

00000BBC: 00 00 00 00

00000BC0: 00 00 00 00

00000BC4: 00 00 00 00

00000BC8: 00 00 00 00

00000BCC: 00 00 00 00

00000BD0: 00 00 00 00

00000BD4: 00 00 00 00

00000BD8: 00 00 00 00

00000BDC: 00 00 00 00

00000BE0: 00 00 00 00

00000BE4: 00 00 00 00

00000BE8: 00 00 00 00

00000BEC: 00 00 00 00

00000BF0: 00 00 00 00

00000BF4: 00 00 00 00

00000BF8: 00 00 00 00

00000BFC: 00 00 00 00

00000C00: 00 00 00 00

00000C04: 00 00 00 00

00000C08: 00 00 00 00

00000C0C: 00 00 00 00

00000C10: 00 00 00 00

00000C14: 00 00 00 00

00000C18: 00 00 00 00

00000C1C: 00 00 00 00

00000C20: 00 00 00 00

00000C24: 00 00 00 00

00000C28: 00 00 00 00

00000C2C: 00 00 00 00

00000C30: 00 00 00 00

00000C34: 00 00 00 00

00000C38: 00 00 00 00

00000C3C: 00 00 00 00

00000C40: 00 00 00 00

00000C44: 00 00 00 00

00000C48: 00 00 00 00

00000C4C: 00 00 00 00

00000C50: 00 00 00 00

00000C54: 00 00 00 00

00000C58: 00 00 00 00

00000C5C: 00 00 00 00

00000C60: 00 00 00 00

00000C64: 00 00 00 00

00000C68: 00 00 00 00

00000C6C: 00 00 00 00

00000C70: 00 00 00 00

00000C74: 00 00 00 00

00000C78: 00 00 00 00

00000C7C: 00 00 00 00

00000C80: 00 00 00 00

00000C84: 00 00 00 00

00000C88: 00 00 00 00

00000C8C: 00 00 00 00

00000C90: 00 00 00 00

00000C94: 00 00 00 00

00000C98: 00 00 00 00

00000C9C: 00 00 00 00

00000CA0: 00 00 00 00

00000CA4: 00 00 00 00

00000CA8: 00 00 00 00

00000CAC: 00 00 00 00

00000CB0: 00 00 00 00

00000CB4: 00 00 00 00

00000CB8: 00 00 00 00

00000CBC: 00 00 00 00

00000CC0: 00 00 00 00

00000CC4: 00 00 00 00

00000CC8: 00 00 00 00

00000CCC: 00 00 00 00

00000CD0: 00 00 00 00

00000CD4: 00 00 00 00

00000CD8: 00 00 00 00

00000CDC: 00 00 00 00

00000CE0: 00 00 00 00

00000CE4: 00 00 00 00

00000CE8: 00 00 00 00

00000CEC: 00 00 00 00

00000CF0: 00 00 00 00

00000CF4: 00 00 00 00

00000CF8: 00 00 00 00

00000CFC: 00 00 00 00

00000D00: 00 00 00 00

00000D04: 00 00 00 00

00000D08: 00 00 00 00

00000D0C: 00 00 00 00

00000D10: 00 00 00 00

00000D14: 00 00 00 00

00000D18: 00 00 00 00

00000D1C: 00 00 00 00

00000D20: 00 00 00 00

00000D24: 00 00 00 00

00000D28: 00 00 00 00

00000D2C: 00 00 00 00

00000D30: 00 00 00 00

00000D34: 00 00 00 00

00000D38: 00 00 00 00

00000D3C: 00 00 00 00

00000D40: 00 00 00 00

00000D44: 00 00 00 00

00000D48: 00 00 00 00

00000D4C: 00 00 00 00

00000D50: 00 00 00 00

00000D54: 00 00 00 00

00000D58: 00 00 00 00

00000D5C: 00 00 00 00

00000D60: 00 00 00 00

00000D64: 00 00 00 00

00000D68: 00 00 00 00

00000D6C: 00 00 00 00

00000D70: 00 00 00 00

00000D74: 00 00 00 00

00000D78: 00 00 00 00

00000D7C: 00 00 00 00

00000D80: 00 00 00 00

00000D84: 00 00 00 00

00000D88: 00 00 00 00

00000D8C: 00 00 00 00

00000D90: 00 00 00 00

00000D94: 00 00 00 00

00000D98: 00 00 00 00

00000D9C: 00 00 00 00

00000DA0: 00 00 00 00

00000DA4: 00 00 00 00

00000DA8: 00 00 00 00

00000DAC: 00 00 00 00

00000DB0: 00 00 00 00

00000DB4: 00 00 00 00

00000DB8: 00 00 00 00

00000DBC: 00 00 00 00

00000DC0: 00 00 00 00

00000DC4: 00 00 00 00

00000DC8: 00 00 00 00

00000DCC: 00 00 00 00

00000DD0: 00 00 00 00

00000DD4: 00 00 00 00

00000DD8: 00 00 00 00

00000DDC: 00 00 00 00

00000DE0: 00 00 00 00

00000DE4: 00 00 00 00

00000DE8: 00 00 00 00

00000DEC: 00 00 00 00

00000DF0: 00 00 00 00

00000DF4: 00 00 00 00

00000DF8: 00 00 00 00

00000DFC: 00 00 00 00

00000E00: 00 00 00 00

00000E04: 00 00 00 00

00000E08: 00 00 00 00

00000E0C: 00 00 00 00

00000E10: 00 00 00 00

00000E14: 00 00 00 00

00000E18: 00 00 00 00

00000E1C: 00 00 00 00

00000E20: 00 00 00 00

00000E24: 00 00 00 00

00000E28: 00 00 00 00

00000E2C: 00 00 00 00

00000E30: 00 00 00 00

00000E34: 00 00 00 00

00000E38: 00 00 00 00

00000E3C: 00 00 00 00

00000E40: 00 00 00 00

00000E44: 00 00 00 00

00000E48: 00 00 00 00

00000E4C: 00 00 00 00

00000E50: 00 00 00 00

00000E54: 00 00 00 00

00000E58: 00 00 00 00

00000E5C: 00 00 00 00

00000E60: 00 00 00 00

00000E64: 00 00 00 00

00000E68: 00 00 00 00

00000E6C: 00 00 00 00

00000E70: 00 00 00 00

00000E74: 00 00 00 00

00000E78: 00 00 00 00

00000E7C: 00 00 00 00

00000E80: 00 00 00 00

00000E84: 00 00 00 00

00000E88: 00 00 00 00

00000E8C: 00 00 00 00

00000E90: 00 00 00 00

00000E94: 00 00 00 00

00000E98: 00 00 00 00

00000E9C: 00 00 00 00

00000EA0: 00 00 00 00

00000EA4: 00 00 00 00

00000EA8: 00 00 00 00

00000EAC: 00 00 00 00

00000EB0: 00 00 00 00

00000EB4: 00 00 00 00

00000EB8: 00 00 00 00

00000EBC: 00 00 00 00

00000EC0: 00 00 00 00

00000EC4: 00 00 00 00

00000EC8: 00 00 00 00

00000ECC: 00 00 00 00

00000ED0: 00 00 00 00

00000ED4: 00 00 00 00

00000ED8: 00 00 00 00

00000EDC: 00 00 00 00

00000EE0: 00 00 00 00

00000EE4: 00 00 00 00

00000EE8: 00 00 00 00

00000EEC: 00 00 00 00

00000EF0: 00 00 00 00

00000EF4: 00 00 00 00

00000EF8: 00 00 00 00

00000EFC: 00 00 00 00

00000F00: 00 00 00 00

00000F04: 00 00 00 00

00000F08: 00 00 00 00

00000F0C: 00 00 00 00

00000F10: 00 00 00 00

00000F14: 00 00 00 00

00000F18: 00 00 00 00

00000F1C: 00 00 00 00

00000F20: 00 00 00 00

00000F24: 00 00 00 00

00000F28: 00 00 00 00

00000F2C: 00 00 00 00

00000F30: 00 00 00 00

00000F34: 00 00 00 00

00000F38: 00 00 00 00

00000F3C: 00 00 00 00

00000F40: 00 00 00 00

00000F44: 00 00 00 00

00000F48: 00 00 00 00

00000F4C: 00 00 00 00

00000F50: 00 00 00 00

00000F54: 00 00 00 00

00000F58: 00 00 00 00

00000F5C: 00 00 00 00

00000F60: 00 00 00 00

00000F64: 00 00 00 00

00000F68: 00 00 00 00

00000F6C: 00 00 00 00

00000F70: 00 00 00 00

00000F74: 00 00 00 00

00000F78: 00 00 00 00

00000F7C: 00 00 00 00

00000F80: 00 00 00 00

00000F84: 00 00 00 00

00000F88: 00 00 00 00

00000F8C: 00 00 00 00

00000F90: 00 00 00 00

00000F94: 00 00 00 00

00000F98: 00 00 00 00

00000F9C: 00 00 00 00

00000FA0: 00 00 00 00

00000FA4: 00 00 00 00

00000FA8: 00 00 00 00

00000FAC: 00 00 00 00

00000FB0: 00 00 00 00

00000FB4: 00 00 00 00

00000FB8: 00 00 00 00

00000FBC: 00 00 00 00

00000FC0: 00 00 00 00

00000FC4: 00 00 00 00

00000FC8: 00 00 00 00

00000FCC: 00 00 00 00

00000FD0: 00 00 00 00

00000FD4: 00 00 00 00

00000FD8: 00 00 00 00

00000FDC: 00 00 00 00

00000FE0: 00 00 00 00

00000FE4: 00 00 00 00

00000FE8: 00 00 00 00

00000FEC: 00 00 00 00

00000FF0: 00 00 00 00

00000FF4: 00 00 00 00

00000FF8: 00 00 00 00

00000FFC: 00 00 00 00